43217
61660
840
47816
57502
34261
51602
21101
20291
21916
63239
11306
43040
17903
20052
31886
17119
9983
47001
12449
60037
58091
38328
8611
1320
55975
47985
25284
18161
6814
12425
30979
17688
56819
31043
38077
33163
7949
22217
37903
31553
23055
27863
35588
4931
54061
874
19768
8232
37718
20917
25073
25246
20886
44312
29291
37582
56164
23301
36837
57635
31184
4697
14037
51863
51621
55197
11266
25159
33019
27224
53766
23837
29249
30
24515
486
35559
20241
5369
13710
40858
42118
45034
55735
8445
57547
42876
39091
42710
3509
6033
38464
62574
62966
37633
46508
19481
44715
50763
46382
47515
42482
47571
4366
20338
12440
45243
55347
4784
8277
56376
36078
42909
64505
2297
8366
28618
36256
55038
44535
9237
41042
8871
63951
33604
43414
55661
687
11304
25425
15534
4100
26861
57997
27326
16237
38141
53087
10457
30151
59206
3182
14693
46779
5306
20719
53223
7983
16917
8536
55536
21276
44358
53521
7871
61146
60889
7411
50490
7281
34123
49937
65500
34826
5123
47873
15414
41073
2687
18994
41503
64270
16363
50355
49560
19198
58441
62411
29856
10838
48368
41936
27148
55355
12879
336
60712
30660
9788
9655
24033
36783
52885
25874
25960
58136
26901
46010
23865
58597
53012
25538
6441
17306
688
51580
29236
28492
20239
17402
38384
45124
37628
7469
26538
59457
40075
37986
47850
31525
62935
49378
3416
915
17052
22571
48649
23998
62610
32607
52399
33766
3455
55545
35245
38271
18891
55821
37771
57791
4531
62593
11336
47288
8700
22786
42140
14631
62327
31581
460
64932
31553
20794
28469
63273
10353
40429
46299
34390
50995
57467
10959
60826
45413
29511
13314
1453
63977
41350
38015
2293
54829
23936
15743
47790
49508
34430
55064
57649
49767
28124
12882
20689
63758
23216
22734
50140
32145
62125
30623
44320
36109
43050
58244
41708
40313
2025
52122
4425
59773
8389
24354
35076
15930
23234
39314
18165
49644
13714
8084
53535
16186
20433
34496
46845
30119
15051
39515
25838
32981
25230
10239
26976
38306
20927
12747
45638
58030
58420
3724
60425
6422
21846
42587
56696
3788
14149
8297
1993
40485
12576
43179
62322
45575
17481
32542
64535
44054
24085
63768
33779
40551
11148
5587
45939
19699
47986
31763
6473
30830
9955
17936
906
31918
40280
44166
30797
64639
9668
4249
38255
56327
46623
57342
28828
40404
60730
34358
33667
52696
29313
57963
19020
15536
27778
16989
5100
42387
31752
35239
35721
62918
34393
12292
14256
54781
22638
791
58853
39177
50752
57123
40911
8067
34764
51221
38976
10821
22603
16282
19192
38325
5847
22527
30621
59981
8507
44173
26541
62393
21885
4360
7751
52125
1010
53615
18425
8139
17824
49979
30215
57771
14476
6202
60684
60953
24781
58181
61290
20045
6302
65189
25174
11146
34589
38123
15693
27905
60276
58952
47361
47440
17580
8019
22825
32739
3146
45566
62941
2627
7756
49020
59863
61092
15317
51456
44318
41830
16735
14220
58314
15333
3483
59002
22657
22819
50691
60371
24315
12710
10476
29345
44469
58125
44544
55458
11254
27074
33927
142
23588
2115
60943
11872
42702
17318
56111
62030
41583
5817
6784
60280
41965
36025
22202
13067
7484
36870
49996
24074
6138
40224
54892
27940
2613
63100
10004
4463
18767
28372
17572
8356
64324
28079
42924
19981
61112
16707
10009
33906
40818
29091
22040
64519
40055
45020
62538
11031
55301
16457
65334
27569
17868
48716
49106
64018
51620
45334
23910
16627
26218
16723
32442
8441
64181
7875
30455
33004
40105
14177
31760
25583
55616
46983
48163
35720
6750
6264
38209
15149
13289
98
10982
40160
22425
57590
32022
65444
19187
38993
39420
19597
57292
40776
37707
39670
8019
20582
20417
25416
59134
39086
54799
63303
36652
32306
13531
18814
37410
44421
4608
47537
41059
1534
17876
17344
33452
33225
48221
43088
4866
64179
25102
44064
17151
4803
53899
31541
63151
55674
14784
23027
42575
53007
45346
48563
34662
22375
59362
29573
3081
64118
5151
54231
1845
28617
47151
63409
48107
9026
22778
11784
41908
57826
46258
26484
15699
45832
43690
13066
46960
38191
55675
6629
41326
12564
63209
28397
57484
27511
14445
61230
13657
41197
27451
9133
30529
57418
59982
18798
63060
33696
49022
28284
59403
30138
25991
27806
28563
26306
49952
54011
22187
22101
46642
43233
24161
39016
31016
9198
47179
50378
7788
64742
38546
35692
36536
28440
17508
59825
55573
12331
9842
46039
7872
51293
46403
20570
5211
48986
42687
10041
34035
36428
21052
60336
48327
22294
63577
6469
31050
2224
9972
52349
23735
981
28324
24841
52369
4057
7248
51879
10081
44984
35547
36739
58853
49569
57578
17210
16855
373
63946
50301
36871
10106
45087
46405
32684
12735
31408
23270
48370
5875
4120
30695
5173
63169
45872
47647
42275
33929
36965
64548
11379
14245
47529
5595
3950
63169
27645
3388
298
54313
19536
43677
40289
50624
45775
19120
46027
28359
16606
4344
44929
23035
18469
42807
13319
53746
46524
38398
54257
43685
38026
4158
32597
15202
62196
9117
47424
54013
17150
33212
50868
37506
46672
10202
20086
45977
49818
45686
27245
20845
56184
5643
4258
15188
36602
13565
18099
45584
60913
37279
34163
8583
29452
25083
32588
33633
14411
3593
35244
37278
4880
41124
54186
58557
20714
46035
26995
34367
3069
43606
34856
2016
64039
42759
45008
22677
57221
14017
7245
1033
26834
24409
14815
22124
46449
5671
22844
46907
43313
40651
24958
2104
46099
8062
48841
44208
59411
47038
649
11827
21249
32922
63690
487
55972
16283
46311
25120
37981
61076
53664
19950
23800
65419
54512
47478
33369
60704
2579
41164
42129
61682
56064
47597
42939
58246
39415
52004
4438
22421
4659
28856
31633
65130
8253
16512
48303
38833
62887
33509
57690
60832
46171
4317
25546
14935
23222
39852
61522
26028
56884
43100
12096
44766
5643
45996
11691
60601
13556
15934
10120
48203
63620
19035
18134
58143
2167
7811
56076
16862
55361
53541
8751
59324
33847
17369
55227
55884
55642
13823
52661
45258
60898
2492
8047
12600
20749
45430
27791
12781
64768
6366
43908
24314
28015
47729
50576
28819
52322
4675
27003
27352
17123
18481
32265
47102
37159
59317
55168
10271
65515
22857
23937
63110
5799
17002
36140
65245
53013
3230
12342
60893
63879
54015
